1, 2.3062663315161926
2, 2.598418945799615
4, 3.567390046327941
6, 21.800573528691263
8, 80.8076636483546
10, 87.61323016308181
12, 89.32066911781084
14, 91.06049095880498
16, 93.27227506416818
18, 97.37930740524372
20, 102.45674092956331
22, 107.09507344999183
23, 111.50235066239148
26, 115.21884440609121
28, 119.06735377611356
30, 121.10287272276967
32, 122.41696245901014
34, 123.15517204489129
36, 124.77173853271692
38, 126.33880337726428
40, 127.40149701079011
42, 130.21452966611508
44, 133.99326183795665
46, 138.39232986983447
48, 143.07298152250272
50, 146.580292934642
52, 152.21972841235672
54, 157.68326118380733
56, 162.18423505468198
58, 168.97576546297282
