2, 2.683988519011846
4, 5.072784026579478
6, 5.721015231476795
8, 8.520003238549343
10, 10.790395369105667
12, 12.578610385610602
14, 13.958508830471335
16, 14.838711952302003
18, 15.882705181786449
20, 17.005486540553253
22, 17.410629726875673
23, 17.713810848117642
25, 18.29247231558646
26, 18.80494305509256
28, 19.63128170040803
30, 20.590034654235232
32, 22.204568867802312
34, 23.769537173160316
36, 24.507746759041463
38, 38.95149303058171
40, 43.297202209617126
42, 47.42100035522633
44, 53.23499267297642
46, 58.74884307481265
48, 65.97745029572496
50, 73.09825105381024
52, 80.65678375579017
54, 88.8234671818318
56, 94.24410645912809
58, 98.84473400382744
