0.687721, 23.275012040181874
0.690395, 23.169307661235315
0.686413, 23.32658341980076
0.680771, 23.548039440134854
0.67965, 23.591850570027358
0.690042, 23.183283188235215
0.682955, 23.46250452010343
0.687619, 23.2790368206247
0.678926, 23.62011310211823
0.685888, 23.347258304029506
mean=23.380298906649124, std=5.1231711303037555[-0.10528687 -0.21099125 -0.05371549  0.16774053  0.21155166 -0.19701572
  0.08220561 -0.10126209  0.2398142  -0.0330406 ][0.01108532 0.04451731 0.00288535 0.02813689 0.04475411 0.03881519
 0.00675776 0.01025401 0.05751085 0.00109168][0.0012317  0.00494637 0.00032059 0.00312632 0.00497268 0.0043128
 0.00075086 0.00113933 0.00639009 0.0001213 ]0.0273120524769800875.1231711303037555