0.676813, 47.40490119473159
0.679571, 47.18987144029185
0.680639, 47.10640304108627
0.679057, 47.23000242612748
0.681536, 47.03621158647002
0.686657, 46.633939452996984
0.680931, 47.08356242747592
0.674023, 47.62167357284523
0.685338, 46.7378052672117
0.67605, 47.464258095226434
mean=47.15086285044635, std=9.525051424614098[ 0.25403834  0.03900859 -0.04445981  0.07913958 -0.11465126 -0.5169234
 -0.06730042  0.47081072 -0.41305758  0.31339524][0.06453548 0.00152167 0.00197667 0.00626307 0.01314491 0.2672098
 0.00452935 0.22166274 0.17061657 0.09821658][0.00717061 0.00016907 0.00021963 0.0006959  0.00146055 0.02968998
 0.00050326 0.02462919 0.0189574  0.01091295]0.094408537608265429.525051424614098