0.9999, 0.810291437065655
0.9999, 0.810291437065655
0.9999, 0.810291437065655
0.9999, 0.810291437065655
0.9999, 0.810291437065655
0.9999, 0.810291437065655
0.9999, 0.810291437065655
0.9999, 0.810291437065655
0.9999, 0.810291437065655
1.0, 0.0
mean=0.7292622933590895, std=7.9433361799412046[ 0.08102914  0.08102914  0.08102914  0.08102914  0.08102914  0.08102914
  0.08102914  0.08102914  0.08102914 -0.72926229][0.00656572 0.00656572 0.00656572 0.00656572 0.00656572 0.00656572
 0.00656572 0.00656572 0.00656572 0.53182349][0.00072952 0.00072952 0.00072952 0.00072952 0.00072952 0.00072952
 0.00072952 0.00072952 0.00072952 0.0590915 ]0.065657221298192430.2562366509658453