2, 2.4538922612005445
4, 4.5623090661982815
6, 5.210540271095598
8, 7.789704646093824
10, 9.776241468569179
12, 11.562619443025529
14, 12.940136583308673
16, 13.820339705139341
18, 14.864332934623787
20, 15.98418647315358
22, 16.381144071775363
23, 16.684325193017333
25, 17.26298666048615
26, 17.76901092838357
28, 18.59534957369904
30, 19.550672193788262
32, 21.16113416719298
34, 22.71979593909462
36, 23.458005524975768
38, 37.886583309018974
40, 42.24738907713997
42, 46.37437300030555
44, 52.18553658684858
46, 57.70296359954426
48, 64.93430239467679
50, 72.05325409232144
52, 79.61178679430137
54, 87.78653306339557
56, 93.17004806761452
58, 97.65419813706922
