2, 60.73990236283882
4, 119.73803574303702
6, 175.25772491780722
8, 235.7338625774176
10, 295.18859169659373
12, 352.6598239917179
14, 410.4736544831284
16, 467.4501525642015
18, 523.1748434565171
20, 579.6052118206807
22, 635.453993296027
23, 691.4240561994571
25, 747.115736329898
26, 801.6732114435185
28, 856.7452538578295
30, 912.0845168783213
32, 966.9550461826329
34, 1021.2748137779423
36, 1075.4983113798567
38, 1137.7506757493607
40, 1191.7536680624062
42, 1246.0419701444189
44, 1299.9360386944825
46, 1353.4833363830662
48, 1407.3981808261908
50, 1461.3294719115784
52, 1515.2239659616494
54, 1569.1684402339397
56, 1623.1487672764629
58, 1680.566093708659
