1, 2.0062731231390596
2, 2.298425737422482
4, 3.267396837950808
6, 21.46850691750331
8, 80.49918800532146
10, 87.1803280707226
12, 88.91068842531848
14, 90.64862208852108
16, 92.85148057382501
18, 96.95290910957482
20, 102.03939811530036
22, 106.67914747852886
23, 111.09685071981842
26, 114.80006185443375
28, 118.64515511461062
30, 120.69353823414444
32, 122.01510185719887
34, 122.76215271609215
36, 124.3888425009958
38, 125.96634825726395
40, 127.04132813282656
42, 129.84266180053928
44, 133.63441241127052
46, 138.04318056292746
48, 142.72453430046392
50, 146.22715971500625
52, 151.8654289583254
54, 157.3391822783706
56, 161.80938676596196
58, 168.5459470811293
