1, 59.28666671967354
2, 114.44259667405511
4, 169.8358268053793
6, 228.69294761046584
8, 292.6878570659477
10, 354.52736210684486
12, 410.40341764771097
14, 465.3836512800156
16, 519.723378227162
18, 574.8989231444363
20, 629.862923949625
22, 683.8535220002351
23, 737.8072798799768
26, 791.2912971850108
28, 845.9131666939317
30, 901.1005062611968
32, 955.6059924368155
34, 1010.7156935576623
36, 1065.554270938709
38, 1120.188015455963
40, 1174.8628522920385
42, 1229.5713903086248
44, 1284.5258738193363
46, 1338.6435093291693
48, 1393.0835217901956
50, 1447.378244974068
52, 1501.4007100511808
54, 1555.3258340487907
56, 1610.2441977333779
58, 1668.62622855012
